start
961,30.00,7466.00,10339.00,8473.00,7141.00,225.00,7687.00,9164.00,9374.00,28.18,28.42,28.12,33.32,8.71,8.59,8.73,7.01,8.63
10961,30.00,7451.00,10423.00,8479.00,7153.00,189.00,7701.00,9222.00,9414.00,28.15,28.43,28.04,41.04,8.72,8.62,8.74,5.09,8.65
20957,30.00,7481.00,10455.00,8480.00,7125.00,184.00,7605.00,9180.00,9345.00,28.09,28.37,28.04,45.69,8.73,8.63,8.75,4.25,8.66
30957,30.20,7482.00,10455.00,8485.00,7102.00,146.00,7586.00,9185.00,9380.00,30.36,30.22,30.22,48.44,7.91,7.96,8.04,3.81,8.69
40958,30.40,7486.00,10423.00,8454.00,7089.00,156.00,7595.00,9146.00,9356.00,30.36,30.85,30.98,50.52,7.93,7.77,7.68,3.51,8.71
50959,30.60,7428.00,10334.00,8471.00,7126.00,140.00,7577.00,9131.00,9333.00,31.01,31.44,30.79,52.43,7.72,7.58,7.78,3.28,8.73
60959,30.80,7442.00,10318.00,8472.00,7072.00,161.00,7568.00,9126.00,9338.00,30.79,30.85,30.67,54.01,7.79,7.77,7.83,3.08,8.73
70962,31.00,7428.00,10216.00,8473.00,7109.00,142.00,7539.00,9142.00,9307.00,31.58,30.90,30.93,55.43,7.54,7.73,7.73,2.92,8.71
80962,31.20,7420.00,10183.00,8454.00,7114.00,150.00,7583.00,9122.00,9314.00,31.22,32.28,31.55,56.74,7.63,7.30,7.49,2.79,8.70
90965,31.40,7358.00,10143.00,8452.00,7149.00,216.00,7636.00,9161.00,9317.00,32.17,31.87,32.16,58.05,7.36,7.42,7.41,2.61,8.63
100965,31.60,7274.00,10065.00,8461.00,7071.00,156.00,7629.00,9182.00,9350.00,31.67,31.91,32.38,59.13,7.50,7.42,6.95,2.54,8.64
110966,31.80,7266.00,9886.00,8421.00,7053.00,181.00,7608.00,9194.00,9315.00,32.45,32.45,32.49,60.10,7.25,7.24,7.22,2.46,8.62
120967,32.00,7319.00,9861.00,8379.00,7021.00,146.00,7616.00,9206.00,9292.00,31.91,32.20,32.66,61.28,7.43,7.33,7.18,2.36,8.58
130967,32.20,7357.00,9857.00,8387.00,7063.00,131.00,7571.00,9134.00,9285.00,32.20,32.66,32.55,62.28,7.26,7.16,7.17,2.28,8.54
140974,32.40,7370.00,9899.00,8448.00,7029.00,228.00,7613.00,9112.00,9326.00,31.75,33.23,33.23,63.16,7.02,7.02,7.02,2.21,8.52
150970,32.60,7380.00,9855.00,8455.00,7087.00,136.00,7570.00,9067.00,9263.00,33.23,33.51,33.48,63.87,7.02,6.88,6.92,2.14,8.49
160970,32.80,7377.00,9805.00,8461.00,7079.00,171.00,7595.00,9118.00,9259.00,33.23,32.86,32.55,64.95,7.02,7.13,7.20,2.08,8.43
170978,33.00,7270.00,9653.00,8396.00,7037.00,232.00,7614.00,9152.00,9333.00,32.72,33.23,32.66,65.83,7.15,7.02,7.21,2.01,8.39
180978,33.20,7272.00,9648.00,8397.00,7036.00,182.00,7566.00,9147.00,9294.00,33.48,33.50,33.61,66.80,6.95,6.94,10.35,1.95,8.38
190976,33.40,7315.00,9639.00,8462.00,7060.00,171.00,7608.00,9144.00,9260.00,34.18,34.23,33.90,67.62,6.78,6.71,7.02,1.90,8.31
200979,33.60,7317.00,9591.00,8412.00,7075.00,141.00,7608.00,9143.00,9297.00,34.22,34.02,34.14,68.18,6.73,6.80,6.75,1.86,8.30
210981,33.80,7282.00,9549.00,8409.00,6993.00,138.00,7564.00,9096.00,9239.00,34.39,33.98,33.82,69.04,6.73,6.78,6.86,1.80,8.23
220981,34.00,7281.00,9364.00,8356.00,6989.00,124.00,7488.00,9052.00,9193.00,34.59,34.73,33.91,69.78,6.66,6.56,6.87,1.76,8.22
230982,34.20,7205.00,9335.00,8384.00,6978.00,118.00,7502.00,9052.00,9217.00,34.02,34.72,35.01,70.34,6.66,6.58,6.55,1.72,8.17
240981,34.40,7195.00,9253.00,8315.00,6940.00,124.00,7519.00,9067.00,9259.00,35.15,34.77,34.70,71.29,6.51,6.58,6.61,1.68,8.10
250982,34.60,7209.00,9245.00,8325.00,7008.00,110.00,7503.00,9043.00,9137.00,35.22,34.68,34.80,71.56,6.49,6.59,6.55,1.65,8.07
260986,34.80,7203.00,9163.00,8348.00,7010.00,92.00,7498.00,9015.00,9154.00,34.85,35.51,34.86,72.27,6.56,6.37,6.57,1.61,8.05
270985,35.00,7269.00,9160.00,8343.00,6983.00,119.00,7487.00,8987.00,9142.00,34.93,35.12,37.34,72.88,6.54,6.47,5.91,1.58,8.02
280986,35.20,7233.00,9109.00,8375.00,6921.00,105.00,7495.00,9034.00,9132.00,34.47,35.78,35.74,73.53,6.39,6.30,6.80,1.55,7.97
290986,35.40,7238.00,9114.00,8376.00,6956.00,130.00,7463.00,8959.00,9101.00,35.81,36.02,36.11,74.03,6.30,6.24,6.23,1.52,7.91
300984,35.60,7258.00,9071.00,8354.00,6984.00,182.00,7460.00,9051.00,9073.00,36.35,35.84,35.65,74.58,6.15,6.28,6.34,1.49,7.88
310985,35.80,7274.00,9038.00,8377.00,6987.00,133.00,7437.00,8991.00,9119.00,36.30,36.21,36.14,75.41,6.25,6.21,6.22,1.46,7.85
320983,36.00,7184.00,9042.00,8353.00,6988.00,154.00,7472.00,8936.00,9059.00,35.97,36.27,35.91,75.67,6.24,6.20,6.26,1.44,7.80
330987,36.20,7138.00,8894.00,8380.00,6986.00,181.00,7484.00,9028.00,9134.00,36.54,36.75,36.69,76.25,6.12,6.05,5.61,1.41,7.75
340987,36.40,7121.00,8805.00,8307.00,6973.00,166.00,7533.00,9047.00,9109.00,36.50,37.12,37.04,76.75,6.16,5.97,5.97,1.39,7.72
350988,36.60,7180.00,8700.00,8289.00,6942.00,172.00,7515.00,9029.00,9041.00,37.41,36.97,36.69,77.48,5.89,5.99,6.10,1.36,7.65
360988,36.80,7107.00,8668.00,8287.00,6945.00,157.00,7473.00,9027.00,9113.00,36.90,37.02,37.63,77.77,6.03,6.00,5.84,1.35,7.65
370992,37.00,7110.00,8616.00,8285.00,6931.00,170.00,7503.00,9033.00,8997.00,36.97,36.97,36.65,78.33,6.00,6.01,6.07,1.32,7.62
380996,37.20,7067.00,8593.00,8238.00,6898.00,103.00,7394.00,8953.00,9001.00,37.56,37.64,37.66,78.57,5.88,5.84,5.86,1.31,7.57
390999,37.40,7101.00,8531.00,8277.00,6881.00,63.00,7390.00,8898.00,8930.00,38.12,38.04,38.27,79.30,5.75,5.76,5.69,1.29,7.52
401000,37.60,7071.00,8482.00,8255.00,6925.00,72.00,7379.00,8913.00,8887.00,37.61,37.71,37.59,79.70,5.85,5.83,5.85,1.27,7.50
410998,37.80,7070.00,8442.00,8263.00,6910.00,151.00,7422.00,8974.00,9011.00,38.31,37.75,37.95,80.05,5.70,5.80,5.76,1.25,7.46
420999,38.00,7047.00,8445.00,8319.00,6915.00,175.00,7448.00,8995.00,8955.00,38.10,38.10,37.95,80.51,5.74,5.74,5.76,1.23,7.41
431003,38.20,7139.00,8429.00,8285.00,6888.00,186.00,7438.00,8949.00,8913.00,38.58,39.00,44.99,80.87,5.59,5.53,4.36,1.21,7.37
441003,38.40,7059.00,8204.00,8250.00,6881.00,113.00,7372.00,8882.00,8843.00,39.03,39.12,38.98,81.34,5.56,5.50,5.54,1.20,7.33
451003,38.60,7020.00,8176.00,8254.00,6919.00,140.00,7429.00,8925.00,8817.00,38.43,38.76,39.31,81.65,5.65,5.59,5.46,1.18,7.31
461004,38.80,7074.00,8217.00,8298.00,6849.00,112.00,7424.00,8926.00,8826.00,39.50,39.08,38.77,81.87,5.42,5.53,5.57,1.17,7.28
471005,39.00,6984.00,8084.00,8205.00,6864.00,103.00,7334.00,8798.00,8755.00,39.03,39.12,39.22,82.51,5.53,5.48,5.51,1.15,7.24
481008,39.20,6993.00,8060.00,8275.00,6892.00,182.00,7377.00,8878.00,8818.00,39.61,39.87,39.84,82.73,5.39,5.35,5.34,1.14,7.21
491006,39.40,7101.00,8039.00,8264.00,6803.00,136.00,7329.00,8796.00,8734.00,39.75,40.19,40.44,83.39,5.38,5.27,5.22,1.13,7.16
501009,39.60,6985.00,7904.00,8201.00,6787.00,84.00,7319.00,8784.00,8706.00,39.94,39.87,39.59,83.56,5.33,5.34,5.40,1.11,7.02
511011,39.80,7000.00,7966.00,8221.00,6911.00,195.00,7385.00,8860.00,8736.00,39.87,39.66,39.36,83.84,5.33,5.39,5.41,1.10,7.02
521010,40.00,7013.00,7944.00,8263.00,6877.00,164.00,7361.00,8801.00,8644.00,39.98,40.15,40.14,84.13,5.28,5.27,7.50,1.09,7.02
531012,40.20,7003.00,7810.00,8215.00,6885.00,95.00,7300.00,8798.00,8586.00,40.99,41.17,40.63,84.41,5.13,5.05,5.59,1.08,6.97
541014,40.40,6920.00,7725.00,8148.00,6762.00,74.00,7302.00,8737.00,8572.00,41.01,41.03,41.46,84.88,5.12,5.09,5.01,1.07,6.95
551016,40.60,6914.00,7645.00,8193.00,6816.00,81.00,7261.00,8726.00,8542.00,41.30,40.67,41.24,85.29,5.06,5.16,3.38,1.05,6.92
561013,40.80,6889.00,7618.00,8212.00,6828.00,108.00,7256.00,8747.00,8591.00,38.98,41.39,41.64,85.41,5.17,5.02,5.00,1.05,6.90
571015,41.00,6842.00,7580.00,8218.00,6850.00,130.00,7295.00,8767.00,8531.00,41.01,41.01,41.66,85.88,5.11,5.10,4.96,1.04,6.83
581016,41.20,6896.00,7596.00,8242.00,6886.00,143.00,7313.00,8791.00,8529.00,41.70,41.77,41.26,86.19,4.97,4.92,5.36,1.02,6.80
591017,41.40,6851.00,7509.00,8217.00,6873.00,142.00,7275.00,8789.00,8424.00,42.23,42.13,41.93,86.25,4.87,4.87,4.89,1.02,6.78
601020,41.60,6908.00,7447.00,8233.00,6851.00,101.00,7281.00,8726.00,8400.00,42.17,42.26,41.57,86.61,4.88,4.85,4.98,1.01,6.75
611020,41.80,6886.00,7420.00,8219.00,6856.00,146.00,7255.00,8785.00,8362.00,42.02,41.79,41.99,87.24,4.88,4.92,6.03,1.00,6.70
621019,42.00,6895.00,7369.00,8240.00,6841.00,151.00,7266.00,8750.00,8330.00,42.26,42.12,42.28,87.24,4.87,4.88,4.87,0.99,6.69
631019,42.20,6869.00,7310.00,8256.00,6837.00,158.00,7218.00,8689.00,8257.00,42.76,42.87,42.59,87.49,4.75,4.83,4.80,0.99,6.66
641024,42.40,6881.00,7249.00,8189.00,6806.00,76.00,7196.00,8621.00,8214.00,42.80,43.00,42.43,87.62,4.74,4.71,4.85,0.97,6.62
651022,42.60,6869.00,7211.00,8221.00,6805.00,116.00,7182.00,8626.00,8131.00,43.10,42.87,42.74,87.93,4.70,4.74,4.76,0.96,6.59
661026,42.80,6869.00,7147.00,8186.00,6791.00,119.00,7183.00,8612.00,8081.00,43.15,43.06,43.53,88.19,4.69,4.70,4.62,0.96,6.56
671027,43.00,6869.00,7050.00,8155.00,6777.00,55.00,7138.00,8612.00,8041.00,42.63,43.04,42.71,88.58,4.68,4.70,4.77,0.95,6.52
681029,43.20,6824.00,6957.00,8152.00,6793.00,73.00,7180.00,8561.00,7970.00,43.68,43.70,44.31,88.58,4.59,4.57,4.46,0.94,6.51
691029,43.40,6810.00,6889.00,8173.00,6749.00,83.00,7095.00,8515.00,7921.00,43.74,43.61,43.97,88.98,4.59,4.59,4.53,0.93,6.47
701031,43.60,6831.00,6840.00,8140.00,6773.00,99.00,7093.00,8548.00,7915.00,44.19,43.76,43.66,89.31,4.50,4.57,4.59,0.93,6.44
711031,43.80,6817.00,6884.00,8194.00,6794.00,95.00,7149.00,8559.00,7836.00,43.93,43.83,43.70,89.38,4.54,4.56,4.59,0.92,6.40
721030,44.00,6826.00,6823.00,8187.00,6814.00,131.00,7126.00,8583.00,7845.00,44.73,44.06,43.87,90.47,4.40,4.52,4.54,0.90,6.37
731030,44.20,6786.00,6767.00,8178.00,6797.00,125.00,7136.00,8583.00,7791.00,44.69,44.69,44.71,90.47,4.43,4.41,4.42,0.89,6.35
741032,44.40,6744.00,6686.00,8188.00,6797.00,136.00,7130.00,8495.00,7792.00,45.18,44.58,44.54,90.47,4.33,4.42,4.43,0.90,6.32
751034,44.60,6705.00,6532.00,8173.00,6754.00,86.00,7060.00,8458.00,7676.00,44.41,44.75,44.48,90.75,4.45,4.38,4.44,0.88,6.29
761036,44.80,6756.00,6494.00,8133.00,6726.00,79.00,7009.00,8436.00,7548.00,44.85,45.41,45.59,91.45,4.38,4.27,4.24,0.87,6.24
771037,45.00,6785.00,6584.00,8213.00,6807.00,102.00,7083.00,8498.00,7572.00,45.26,45.69,44.97,91.45,4.32,4.24,4.36,0.87,6.23
781035,45.20,6730.00,6482.00,8182.00,6791.00,159.00,7080.00,8492.00,7534.00,45.51,45.83,45.55,91.53,4.26,4.22,4.27,0.87,6.18
791036,45.40,6662.00,6419.00,8166.00,6763.00,132.00,7077.00,8465.00,7446.00,46.65,45.81,45.59,91.74,4.10,4.22,4.26,0.87,6.17
801040,45.60,6639.00,6261.00,8123.00,6724.00,89.00,7035.00,8403.00,7376.00,46.33,45.71,45.77,91.89,4.13,4.23,4.23,0.86,6.13
811043,45.80,6640.00,6230.00,8126.00,6709.00,52.00,6946.00,8378.00,7217.00,46.37,45.61,45.61,92.32,4.13,4.24,4.24,0.86,6.10
821041,46.00,6731.00,6244.00,8095.00,6747.00,82.00,6981.00,8362.00,7155.00,45.41,46.37,46.23,92.25,4.17,4.12,2.71,0.85,6.08
831042,46.20,6713.00,6276.00,8179.00,6739.00,139.00,7034.00,8355.00,7163.00,46.73,46.73,46.47,92.54,4.05,4.08,4.11,0.84,6.06
841042,46.40,6685.00,6242.00,8134.00,6785.00,114.00,7003.00,8326.00,7082.00,46.33,46.69,47.13,92.69,4.12,4.08,4.01,0.84,6.02
851045,46.60,6652.00,6096.00,8140.00,6767.00,118.00,6963.00,8321.00,7044.00,43.10,46.65,47.13,92.77,3.99,4.09,4.29,0.83,5.98
861045,46.80,6561.00,6017.00,8097.00,6748.00,142.00,6931.00,8314.00,7001.00,46.61,46.53,46.35,93.22,4.04,4.09,4.40,0.83,5.97
871047,47.00,6553.00,5905.00,8041.00,6674.00,81.00,6850.00,8251.00,6818.00,47.15,47.11,47.15,93.67,4.01,4.01,4.00,0.81,5.93
881048,47.20,6596.00,5861.00,8045.00,6690.00,29.00,6840.00,8249.00,6721.00,47.73,47.63,47.48,93.37,3.93,3.92,3.94,0.82,5.91
891047,47.40,6654.00,5898.00,8072.00,6700.00,108.00,6860.00,8221.00,6607.00,47.65,48.08,47.85,93.67,3.93,3.86,3.90,0.81,5.89
901049,47.60,6575.00,5910.00,8115.00,6744.00,137.00,6892.00,8232.00,6722.00,42.84,47.89,48.00,93.90,3.95,3.88,3.87,0.81,5.87
911046,47.80,6517.00,5702.00,8012.00,6698.00,139.00,6818.00,8224.00,6590.00,48.52,47.87,48.62,93.90,3.80,3.89,3.78,0.81,5.84
921045,48.00,6552.00,5686.00,8042.00,6648.00,33.00,6758.00,8098.00,6477.00,48.31,48.04,48.73,93.90,3.83,3.87,3.77,0.80,5.82
931047,48.20,6580.00,5740.00,8077.00,6714.00,71.00,6762.00,8102.00,6312.00,48.65,48.71,48.65,94.14,3.78,3.77,3.78,0.80,5.79
941049,48.40,6539.00,5622.00,8040.00,6688.00,133.00,6800.00,8125.00,6358.00,50.13,48.88,48.81,94.60,3.57,3.75,3.75,0.78,5.77
951047,48.60,6441.00,5498.00,7996.00,6693.00,71.00,6754.00,8038.00,6297.00,49.13,49.13,49.37,94.68,3.71,3.69,3.29,0.79,5.73
961049,48.80,6537.00,5519.00,8003.00,6647.00,46.00,6617.00,7990.00,6148.00,49.09,48.48,48.29,94.68,3.71,3.81,3.83,0.78,5.71
971051,49.00,6550.00,5528.00,8093.00,6699.00,97.00,6615.00,7900.00,6039.00,49.01,49.11,49.22,94.76,3.73,3.71,3.70,0.78,5.70
981052,49.20,6500.00,5464.00,8017.00,6691.00,121.00,6667.00,7981.00,6076.00,49.60,49.73,49.80,95.16,3.66,3.63,3.62,0.77,5.65
991050,49.40,6435.00,5381.00,7993.00,6655.00,98.00,6650.00,7968.00,6029.00,49.22,49.65,49.45,95.16,3.70,3.63,3.66,0.77,5.63
1001055,49.60,6486.00,5330.00,7983.00,6588.00,43.00,6539.00,7813.00,5836.00,49.60,49.82,49.48,95.40,3.65,3.61,3.66,0.77,5.62
1011055,49.80,6484.00,5354.00,8022.00,6655.00,72.00,6577.00,7804.00,5754.00,49.86,49.82,49.56,95.40,3.60,3.61,3.65,0.77,5.59
1021055,50.00,6405.00,5314.00,8039.00,6630.00,72.00,6504.00,7737.00,5647.00,50.15,50.10,50.02,95.40,3.56,3.57,3.59,0.77,5.58
1031058,50.20,6354.00,5183.00,8011.00,6605.00,142.00,6522.00,7736.00,5727.00,50.50,50.63,50.50,95.56,3.51,3.51,3.51,0.77,5.53
1041056,50.40,6322.00,5126.00,7940.00,6634.00,74.00,6474.00,7699.00,5652.00,50.90,51.05,50.92,95.89,3.46,3.44,3.46,0.77,5.53
1051058,50.60,6298.00,5062.00,7965.00,6602.00,60.00,6441.00,7635.00,5532.00,51.05,51.25,51.16,95.89,3.58,3.43,3.43,0.76,5.51
1061058,50.80,6279.00,5034.00,7890.00,6524.00,76.00,6394.00,7638.00,5483.00,51.41,50.90,51.43,95.64,3.41,3.46,3.40,0.77,5.48
1071060,51.00,6298.00,5015.00,7919.00,6557.00,37.00,6298.00,7532.00,5359.00,51.05,51.45,52.32,95.56,3.44,3.39,3.34,0.77,5.46
1081068,51.20,6276.00,5071.00,7897.00,6547.00,119.00,6336.00,7459.00,5255.00,51.68,51.59,51.64,95.48,3.38,3.38,3.37,0.76,5.45
1091070,51.40,6259.00,5069.00,7952.00,6635.00,91.00,6230.00,7435.00,5230.00,51.68,51.84,51.88,96.47,3.37,3.34,3.35,0.76,5.42
1101070,51.60,6150.00,4940.00,7937.00,6595.00,80.00,6225.00,7377.00,5223.00,52.32,51.64,51.41,96.22,3.29,3.37,3.40,0.76,5.40
1111070,51.80,6040.00,4855.00,7894.00,6560.00,85.00,6155.00,7321.00,5101.00,52.32,52.39,52.71,95.89,3.29,3.26,3.23,0.77,5.36
1121072,52.00,6014.00,4759.00,7867.00,6516.00,34.00,6012.00,7178.00,4948.00,52.32,52.32,52.67,95.73,3.29,3.29,3.24,0.76,5.35
1131072,52.20,6075.00,4795.00,7877.00,6526.00,77.00,6001.00,7147.00,4949.00,52.67,52.67,52.76,96.22,3.26,3.24,3.22,0.76,5.31
1141076,52.40,6017.00,4834.00,7904.00,6549.00,98.00,5975.00,7102.00,5005.00,52.32,53.25,61.80,96.14,3.29,3.17,2.62,0.76,5.30
1151073,52.60,5815.00,4687.00,7883.00,6551.00,86.00,5921.00,7036.00,4884.00,52.67,53.30,53.18,95.48,3.24,3.16,3.18,0.77,5.29
1161074,52.80,5761.00,4559.00,7786.00,6451.00,49.00,5773.00,6848.00,4758.00,53.42,53.42,53.77,95.97,3.16,3.15,3.11,0.76,5.27
1171076,53.00,5742.00,4612.00,7843.00,6502.00,62.00,5747.00,6740.00,4731.00,53.09,52.99,53.11,95.97,3.19,3.21,3.18,0.76,5.24
1181076,53.20,5657.00,4620.00,7876.00,6520.00,86.00,5711.00,6751.00,4704.00,53.58,53.70,53.46,95.73,3.15,3.12,3.15,0.76,5.22
1191078,53.40,5501.00,4549.00,7843.00,6483.00,101.00,5687.00,6665.00,4680.00,54.03,54.15,54.18,95.73,3.10,3.07,3.07,0.76,5.18
1201073,53.60,5371.00,4389.00,7802.00,6491.00,96.00,5629.00,6607.00,4691.00,53.63,54.30,53.53,96.05,3.12,3.06,2.27,0.76,5.16
1211074,53.80,5383.00,4418.00,7857.00,6390.00,38.00,5510.00,6405.00,4540.00,53.75,53.82,54.15,95.81,3.12,3.10,3.07,0.76,5.16
1221075,54.00,5304.00,4451.00,7815.00,6459.00,76.00,5420.00,6341.00,4406.00,54.01,54.40,54.18,95.73,3.07,3.04,2.99,0.76,5.12
1231075,54.20,5204.00,4410.00,7829.00,6468.00,110.00,5394.00,6249.00,4439.00,54.20,54.91,54.49,95.89,3.04,2.98,2.76,0.76,5.10
1241075,54.40,5047.00,4264.00,7747.00,6435.00,70.00,5359.00,6241.00,4445.00,54.96,54.93,54.49,95.81,2.99,2.98,3.05,0.76,5.09
1251076,54.60,5076.00,4284.00,7738.00,6380.00,49.00,5161.00,6057.00,4422.00,54.83,54.64,54.13,95.97,2.99,3.02,3.07,0.76,5.08
1261088,54.80,4880.00,4185.00,7719.00,6449.00,112.00,5176.00,6017.00,4374.00,54.98,54.61,54.57,96.22,2.97,2.89,3.00,0.76,5.06
1271088,55.00,4798.00,4184.00,7679.00,6332.00,40.00,5062.00,5912.00,4359.00,57.05,55.70,54.96,95.97,2.74,2.89,2.98,0.76,5.04
1281087,55.20,4794.00,4235.00,7706.00,6297.00,44.00,4933.00,5696.00,4246.00,56.03,55.48,55.48,95.89,2.86,2.91,2.93,0.76,5.02
1291090,55.40,4642.00,4164.00,7718.00,6375.00,116.00,4874.00,5616.00,4193.00,56.03,55.93,56.61,95.56,2.86,2.86,2.80,0.76,4.99
1301090,55.60,4472.00,4043.00,7674.00,6353.00,90.00,4839.00,5557.00,4239.00,55.70,55.75,56.13,95.97,2.89,2.89,2.85,0.76,4.97
1311092,55.80,4445.00,3990.00,7593.00,6313.00,30.00,4753.00,5441.00,4181.00,56.18,55.73,56.69,95.97,2.89,2.89,2.80,0.76,4.96
1321094,56.00,4409.00,3989.00,7605.00,6297.00,38.00,4628.00,5328.00,4097.00,55.90,55.93,56.26,95.81,2.87,2.87,2.84,0.76,4.92
1331094,56.20,4241.00,3940.00,7528.00,6234.00,100.00,4676.00,5267.00,4214.00,56.51,56.54,56.49,95.89,2.81,2.81,2.76,0.76,4.89
1341101,56.40,4156.00,3987.00,7598.00,6331.00,77.00,4599.00,5152.00,4101.00,56.56,57.10,57.08,95.73,2.81,2.75,2.74,0.75,4.87
1351104,56.60,4174.00,3945.00,7569.00,6261.00,83.00,4453.00,5050.00,4069.00,57.16,56.21,56.10,96.39,2.74,2.84,2.86,0.76,4.86
1361102,56.80,3977.00,3736.00,7465.00,6262.00,43.00,4336.00,4879.00,4014.00,56.95,57.42,57.57,95.56,2.78,2.72,2.70,0.77,4.83
1371101,57.00,3974.00,3810.00,7537.00,6216.00,70.00,4288.00,4860.00,4020.00,56.90,56.92,56.82,95.73,2.76,2.77,2.76,0.76,4.83
1381105,57.20,3955.00,3810.00,7515.00,6285.00,100.00,4277.00,4766.00,3980.00,57.39,57.34,57.36,95.89,2.73,2.73,2.72,0.76,4.80
1391106,57.40,3864.00,3662.00,7419.00,6132.00,28.00,4132.00,4587.00,3883.00,57.79,57.94,57.97,96.39,2.68,2.67,2.65,0.76,4.78
1401105,57.60,3686.00,3591.00,7384.00,6140.00,45.00,4039.00,4486.00,3923.00,57.86,57.44,58.05,95.89,2.69,2.71,2.67,0.76,4.77
1411108,57.80,3638.00,3528.00,7372.00,6132.00,88.00,4009.00,4384.00,3947.00,58.26,58.24,57.79,95.89,2.64,2.64,2.65,0.77,4.76
1421109,58.00,3605.00,3567.00,7333.00,6122.00,68.00,3949.00,4322.00,3964.00,58.00,57.97,57.89,95.73,2.67,2.67,2.65,0.76,4.74
1431111,58.20,3547.00,3620.00,7330.00,6109.00,99.00,3900.00,4323.00,3921.00,58.43,58.24,58.61,96.30,2.63,2.64,2.60,0.75,4.70
1441114,58.40,3520.00,3560.00,7260.00,6086.00,87.00,3805.00,4143.00,3913.00,58.75,58.94,58.94,95.73,2.60,2.57,2.57,0.76,4.70
1451112,58.60,3398.00,3488.00,7260.00,6018.00,85.00,3731.00,4033.00,3871.00,59.16,59.05,58.59,96.30,2.54,2.56,2.60,0.77,4.69
1461113,58.80,3281.00,3411.00,7182.00,5999.00,80.00,3634.00,3955.00,3850.00,58.70,58.70,58.80,96.05,2.60,2.59,2.59,0.75,4.66
1471115,59.00,3283.00,3388.00,7125.00,5970.00,56.00,3626.00,3849.00,3861.00,58.91,58.70,59.05,95.73,2.59,2.59,2.56,0.76,4.67
1481114,59.20,3269.00,3372.00,7065.00,5914.00,63.00,3533.00,3782.00,3816.00,59.41,59.49,59.46,95.89,2.54,2.52,2.58,0.76,4.64
1491122,59.40,3237.00,3333.00,7048.00,5865.00,61.00,3525.00,3652.00,3812.00,59.96,59.27,59.10,95.89,2.48,2.53,2.56,0.76,4.63
1501119,59.60,3159.00,3231.00,6929.00,5766.00,54.00,3434.00,3544.00,3714.00,59.99,60.53,60.05,95.64,2.48,2.41,2.48,0.77,4.60
1511119,59.80,3101.00,3212.00,6851.00,5686.00,43.00,3337.00,3432.00,3651.00,59.96,59.91,59.57,95.64,2.48,2.49,2.50,0.76,4.57
1521121,60.00,3058.00,3128.00,6770.00,5655.00,14.00,3324.00,3398.00,3636.00,60.25,59.99,59.96,95.97,2.46,2.48,2.48,0.76,4.55
1531121,60.20,2991.00,3056.00,6694.00,5558.00,18.00,3225.00,3275.00,3603.00,59.80,60.50,60.30,95.73,2.51,2.43,2.44,0.76,4.54
1541121,60.40,2959.00,2982.00,6586.00,5563.00,22.00,3167.00,3219.00,3601.00,60.99,60.93,61.25,96.05,2.39,2.39,2.37,0.75,4.51
1551123,60.60,2887.00,2943.00,6513.00,5409.00,23.00,3066.00,3146.00,3622.00,60.81,60.33,61.28,95.81,2.41,2.44,2.33,0.76,4.50
1561122,60.80,2793.00,2858.00,6461.00,5380.00,38.00,3106.00,3104.00,3636.00,60.93,60.81,61.42,95.64,2.40,2.40,2.35,0.77,4.49
1571125,61.00,2790.00,2841.00,6350.00,5294.00,37.00,3076.00,3067.00,3648.00,61.10,60.90,60.76,95.56,2.39,2.40,2.40,0.76,4.47
1581125,61.20,2737.00,2826.00,6269.00,5273.00,53.00,3032.00,3001.00,3643.00,61.36,61.39,61.51,95.89,2.36,2.36,2.34,0.76,4.46
1591126,61.40,2761.00,2769.00,6210.00,5184.00,36.00,3039.00,2935.00,3663.00,61.98,61.83,62.01,95.64,2.32,2.32,2.28,0.77,4.46
1601127,61.60,2693.00,2700.00,6090.00,5029.00,19.00,2932.00,2856.00,3623.00,61.83,61.54,61.51,96.05,2.32,2.35,2.34,0.76,4.43
1611124,61.80,2681.00,2636.00,5950.00,4954.00,19.00,2892.00,2790.00,3630.00,61.69,61.86,62.76,95.64,2.32,2.32,2.24,0.76,4.43
1621130,62.00,2716.00,2625.00,5947.00,4887.00,31.00,2902.00,2679.00,3466.00,62.16,62.25,62.13,95.64,2.30,2.28,2.28,0.76,4.41
1631130,62.20,2740.00,2621.00,5818.00,4772.00,31.00,2881.00,2679.00,3522.00,62.31,62.64,62.67,95.89,2.28,2.26,2.25,0.76,4.38
1641134,62.40,2715.00,2573.00,5806.00,4778.00,63.00,2868.00,2693.00,3586.00,63.00,62.85,61.98,95.89,2.23,2.23,2.31,0.77,4.36
1651132,62.60,2667.00,2549.00,5674.00,4669.00,49.00,2797.00,2629.00,3509.00,63.10,63.37,63.56,95.97,2.23,2.20,2.18,0.76,4.35
1661133,62.80,2638.00,2494.00,5622.00,4557.00,69.00,2821.00,2593.00,3566.00,62.79,62.67,62.58,95.89,2.24,2.24,2.26,0.76,4.34
1671135,63.00,2569.00,2391.00,5497.00,4451.00,30.00,2729.00,2505.00,3542.00,63.25,62.88,62.91,95.56,2.21,2.23,2.22,0.77,4.32
1681137,63.20,2550.00,2260.00,5370.00,4319.00,20.00,2694.00,2444.00,3467.00,63.62,63.43,62.49,95.73,2.18,2.19,2.19,0.76,4.32
1691137,63.40,2600.00,2190.00,5309.00,4263.00,18.00,2657.00,2392.00,3363.00,64.06,63.99,62.91,95.73,2.16,2.14,2.15,0.75,4.30
1701140,63.60,2634.00,2237.00,5239.00,4204.00,27.00,2680.00,2469.00,3529.00,63.77,63.62,63.56,95.97,2.14,2.17,2.18,0.77,4.28
1711138,63.80,2570.00,2205.00,5168.00,4142.00,51.00,2678.00,2390.00,3531.00,64.12,64.06,64.79,95.56,2.15,2.14,2.09,0.77,4.27
1721140,64.00,2462.00,2018.00,5087.00,4007.00,29.00,2576.00,2297.00,3417.00,63.96,63.93,63.96,95.89,2.16,2.16,2.14,0.76,4.25
1731140,64.20,2462.00,1962.00,4977.00,3933.00,20.00,2597.00,2306.00,3406.00,64.37,64.28,64.56,95.56,2.13,2.13,2.10,0.76,4.25
1741133,64.40,2515.00,1932.00,4919.00,3861.00,21.00,2591.00,2310.00,3514.00,64.79,64.75,65.14,95.97,2.09,2.09,2.06,0.76,4.22
1751143,64.60,2556.00,1928.00,4912.00,3831.00,41.00,2594.00,2253.00,3442.00,64.50,65.11,64.18,96.05,2.11,2.06,2.13,0.76,4.21
1761143,64.80,2518.00,1887.00,4880.00,3775.00,54.00,2615.00,2283.00,3473.00,65.73,65.50,64.63,95.89,2.04,2.05,2.10,0.76,4.18
1771143,65.00,2457.00,1754.00,4787.00,3640.00,27.00,2571.00,2191.00,3459.00,65.21,64.88,65.17,95.48,2.06,2.08,2.06,0.76,4.19
1781144,65.20,2475.00,1690.00,4689.00,3594.00,24.00,2532.00,2112.00,3336.00,65.53,65.47,65.47,95.97,2.05,2.04,2.03,0.76,4.17
1791147,65.40,2523.00,1716.00,4649.00,3528.00,22.00,2534.00,2143.00,3386.00,65.83,65.86,65.86,96.05,2.01,2.01,2.01,0.77,4.15
1801149,65.60,2509.00,1671.00,4644.00,3509.00,46.00,2528.00,2183.00,3449.00,65.73,66.46,66.39,96.22,2.01,1.99,1.97,0.75,4.11
1811150,65.80,2471.00,1588.00,4620.00,3437.00,49.00,2525.00,2182.00,3402.00,66.53,65.73,65.93,95.97,1.97,2.02,2.00,0.76,4.12
1821149,66.00,2393.00,1488.00,4525.00,3298.00,19.00,2453.00,2106.00,3382.00,65.96,65.99,65.93,95.89,2.01,1.97,2.01,0.76,4.11
1831150,66.20,2446.00,1424.00,4461.00,3274.00,15.00,2438.00,2045.00,3301.00,66.43,66.39,66.39,95.73,1.97,1.97,1.97,0.77,4.09
1841147,66.40,2437.00,1525.00,4450.00,3263.00,21.00,2399.00,2013.00,3290.00,66.53,67.90,68.01,95.56,1.97,1.93,1.86,0.76,4.08
1851155,66.60,2484.00,1459.00,4431.00,3250.00,33.00,2481.00,2075.00,3433.00,67.28,67.42,67.24,96.47,1.92,1.91,1.92,0.76,4.06
1861147,66.80,2394.00,1313.00,4407.00,3200.00,33.00,2485.00,2056.00,3398.00,67.07,67.00,66.80,95.48,1.93,1.94,1.94,0.75,4.07
1871150,67.00,2414.00,1293.00,4321.00,3183.00,16.00,2417.00,2038.00,3358.00,67.14,67.14,67.11,96.39,1.92,1.93,1.93,0.77,4.03
1881150,67.20,2438.00,1361.00,4354.00,3123.00,12.00,2389.00,2015.00,3228.00,67.28,69.56,67.55,95.56,1.91,1.91,1.90,0.75,4.03
1891149,67.40,2412.00,1324.00,4349.00,3144.00,33.00,2495.00,1967.00,3248.00,67.69,67.83,67.90,95.89,1.89,1.87,1.87,0.76,4.01
1901153,67.60,2358.00,1228.00,4297.00,3039.00,15.00,2431.00,2016.00,3365.00,68.04,68.22,68.01,96.47,1.86,1.85,1.87,0.76,4.01
1911151,67.80,2342.00,1239.00,4245.00,3006.00,10.00,2390.00,1978.00,3368.00,67.83,67.97,67.55,95.64,1.88,1.87,1.89,0.75,3.99
1921151,68.00,2420.00,1311.00,4280.00,3083.00,11.00,2349.00,1899.00,3248.00,67.94,68.61,68.04,95.73,1.87,1.83,1.86,0.75,3.97
1931154,68.20,2341.00,1258.00,4260.00,3090.00,61.00,2411.00,1969.00,3315.00,68.26,68.43,68.90,95.64,1.85,1.85,1.81,0.75,3.96
1941155,68.40,2305.00,1188.00,4205.00,2998.00,22.00,2384.00,1908.00,3360.00,68.26,68.90,69.04,95.89,1.85,1.81,1.80,0.76,3.96
1951157,68.60,2409.00,1227.00,4235.00,3016.00,29.00,2335.00,1849.00,3218.00,68.58,71.96,68.54,95.56,1.83,1.82,1.83,0.75,3.93
1961156,68.80,2362.00,1213.00,4242.00,3017.00,32.00,2386.00,1876.00,3244.00,68.90,70.94,69.48,95.56,1.81,1.78,1.77,0.75,3.92
1971157,69.00,2272.00,1157.00,4215.00,2996.00,53.00,2391.00,1912.00,3273.00,69.04,69.59,69.08,95.73,1.81,1.77,1.80,0.75,3.91
1981159,69.20,2305.00,1146.00,4180.00,2924.00,11.00,2340.00,1902.00,3305.00,71.52,70.07,69.67,95.64,1.65,1.78,2.32,0.75,3.89
1991157,69.40,2331.00,1136.00,4187.00,2939.00,13.00,2298.00,1898.00,3275.00,69.93,74.93,69.81,95.73,1.75,1.74,1.76,0.75,3.89
2001160,69.60,2336.00,1245.00,4223.00,2937.00,36.00,2242.00,1838.00,3126.00,69.63,70.34,70.45,95.56,1.76,1.72,1.72,0.75,3.88
2011162,69.80,2332.00,1162.00,4177.00,2944.00,45.00,2311.00,1820.00,3154.00,69.89,70.75,69.93,95.64,1.75,1.71,1.75,0.75,3.86
2021163,70.00,2203.00,1106.00,4182.00,2955.00,23.00,2348.00,1817.00,3233.00,70.07,70.11,70.34,96.22,1.74,1.73,1.72,0.75,3.83
2031164,70.20,2326.00,1080.00,4088.00,2867.00,22.00,2328.00,1811.00,3239.00,70.34,70.26,70.45,95.56,1.72,1.72,1.72,0.75,3.84
2041165,70.40,2316.00,1083.00,4104.00,2863.00,11.00,2231.00,1814.00,3219.00,70.87,70.98,70.98,95.56,1.69,1.69,1.69,0.75,3.82
2051168,70.60,2325.00,1206.00,4148.00,2934.00,15.00,2254.00,1711.00,3165.00,70.53,70.98,71.41,95.56,1.71,1.68,1.66,0.75,3.81
2061165,70.80,2269.00,1195.00,4159.00,2899.00,20.00,2295.00,1780.00,3136.00,71.33,71.06,70.53,95.56,1.67,1.67,1.71,0.75,3.81
2071166,71.00,2244.00,1030.00,4071.00,2849.00,26.00,2320.00,1792.00,3296.00,70.91,71.06,70.91,95.48,1.69,1.69,1.69,0.75,3.79
2081167,71.20,2261.00,1201.00,4134.00,2859.00,12.00,2241.00,1702.00,3149.00,71.33,71.45,71.56,95.56,1.67,1.67,1.65,0.75,3.78
2091170,71.40,2248.00,1037.00,4106.00,2844.00,29.00,2294.00,1773.00,3237.00,71.56,71.96,72.08,95.73,1.65,1.63,1.62,0.76,3.76
2101170,71.60,2300.00,1071.00,4067.00,2811.00,16.00,2258.00,1755.00,3247.00,71.56,72.00,72.00,95.56,1.65,1.62,1.63,0.75,3.75
2111194,71.80,2346.00,1138.00,4112.00,2856.00,45.00,2274.00,1686.00,3129.00,72.15,71.92,72.11,96.39,1.62,1.63,1.63,0.76,3.73
2121175,72.00,2214.00,1025.00,4043.00,2843.00,22.00,2286.00,1789.00,3223.00,72.27,72.11,72.23,95.64,1.62,1.63,1.62,0.75,3.72
2131182,72.20,2233.00,997.00,4077.00,2820.00,13.00,2228.00,1709.00,3108.00,72.63,72.27,72.80,95.64,1.60,1.61,1.58,0.77,3.71
2141182,72.40,2310.00,1126.00,4095.00,2834.00,24.00,2305.00,1704.00,3210.00,72.96,72.92,73.04,96.05,1.58,1.58,1.56,0.78,3.70
2151182,72.60,2196.00,1042.00,4053.00,2803.00,23.00,2277.00,1733.00,3228.00,73.37,72.43,72.80,95.89,1.56,1.60,1.58,0.76,3.68
2161183,72.80,2196.00,980.00,4022.00,2776.00,12.00,2214.00,1661.00,3166.00,72.84,72.88,73.37,95.24,1.58,1.58,1.55,0.77,3.67
2171185,73.00,2330.00,1099.00,4060.00,2847.00,15.00,2199.00,1674.00,3110.00,73.20,74.03,72.96,95.73,1.57,1.52,1.58,0.76,3.66
2181186,73.20,2216.00,1086.00,4056.00,2823.00,15.00,2247.00,1690.00,3248.00,73.41,73.37,73.57,95.73,1.56,1.55,1.54,0.77,3.65
2191187,73.40,2177.00,974.00,4010.00,2785.00,35.00,2179.00,1643.00,3139.00,74.03,73.95,74.03,95.89,1.53,1.53,1.52,0.77,3.64
2201208,73.60,2203.00,947.00,4012.00,2795.00,9.00,2174.00,1606.00,3024.00,73.99,74.20,74.37,96.39,1.52,1.50,1.51,0.77,3.62
2211189,73.80,2246.00,989.00,4019.00,2772.00,16.00,2163.00,1649.00,3094.00,73.99,74.16,73.45,95.89,1.54,1.51,1.55,0.77,3.62
2221192,74.00,2261.00,1111.00,4026.00,2827.00,35.00,2244.00,1690.00,3234.00,74.08,74.41,74.16,95.73,1.53,1.50,1.50,0.77,3.61
2231192,74.20,2275.00,1067.00,4096.00,2826.00,34.00,2241.00,1644.00,3155.00,74.16,74.80,74.58,95.73,1.51,1.48,1.49,0.77,3.60
2241193,74.40,2253.00,1048.00,4039.00,2794.00,22.00,2250.00,1649.00,3220.00,74.89,74.71,75.32,95.56,1.49,1.48,1.46,0.77,3.59
2251185,74.60,2164.00,1055.00,4012.00,2825.00,17.00,2193.00,1602.00,3081.00,75.06,74.16,74.29,95.48,1.47,1.48,1.51,0.75,3.57
2261186,74.80,2159.00,982.00,4016.00,2822.00,18.00,2225.00,1622.00,3077.00,75.49,74.89,74.84,95.48,1.45,1.48,1.48,0.75,3.56
2271189,75.00,2170.00,935.00,3957.00,2779.00,15.00,2242.00,1652.00,3249.00,75.49,89.51,74.97,95.32,1.45,1.45,1.48,0.75,3.54
2281211,75.20,2170.00,928.00,3961.00,2719.00,15.00,2126.00,1624.00,3113.00,75.01,75.23,76.20,95.32,1.46,1.45,1.42,0.77,3.54
2291195,75.40,2125.00,933.00,3958.00,2720.00,10.00,2151.00,1560.00,3069.00,75.80,75.76,76.07,95.64,1.44,1.44,1.41,0.78,3.52
2301196,75.60,2163.00,914.00,3950.00,2765.00,12.00,2132.00,1533.00,3074.00,76.29,76.16,76.52,95.56,1.41,1.42,1.40,0.78,3.52
2311201,75.80,2152.00,918.00,3974.00,2677.00,8.00,2098.00,1534.00,3005.00,76.03,75.94,76.56,95.56,1.43,1.43,1.40,0.78,3.50
2321213,76.00,2150.00,878.00,3953.00,2805.00,31.00,2187.00,1619.00,3158.00,76.03,75.98,76.29,95.40,1.42,1.42,1.41,0.77,3.50
2331212,76.20,2116.00,877.00,3984.00,2707.00,19.00,2137.00,1566.00,3095.00,76.29,75.54,76.20,95.97,1.42,1.44,1.41,0.77,3.49
2341201,76.40,2121.00,913.00,4003.00,2772.00,34.00,2169.00,1585.00,3159.00,76.75,76.98,77.25,95.73,1.39,1.38,1.36,0.77,3.47
2351206,76.60,2095.00,941.00,3967.00,2783.00,10.00,2150.00,1547.00,3096.00,76.84,76.98,77.53,96.30,1.38,1.38,1.36,0.76,3.46
2361202,76.80,2228.00,993.00,4034.00,2738.00,28.00,2169.00,1606.00,3092.00,77.02,78.19,77.86,96.14,1.38,1.32,1.33,0.76,3.44
2371206,77.00,2177.00,967.00,4042.00,2711.00,15.00,2187.00,1592.00,3095.00,76.98,77.58,77.67,95.89,1.38,1.35,1.35,0.77,3.44
2381205,77.20,2185.00,1019.00,3991.00,2767.00,19.00,2160.00,1584.00,3106.00,77.25,77.25,77.44,95.40,1.37,1.37,1.03,0.77,3.43
2391207,77.40,2208.00,1006.00,4001.00,2756.00,35.00,2190.00,1606.00,3089.00,77.72,77.67,77.77,95.08,1.39,1.35,1.33,0.78,3.43
2401206,77.60,2197.00,989.00,3978.00,2748.00,10.00,2127.00,1550.00,3071.00,78.24,77.67,79.16,95.64,1.33,1.36,1.28,0.75,3.41
2411202,77.80,2195.00,949.00,3957.00,2726.00,10.00,2030.00,1507.00,2979.00,77.67,78.33,78.62,95.56,1.35,1.32,1.31,0.75,3.40
2421203,78.00,2195.00,965.00,3991.00,2712.00,12.00,2099.00,1467.00,2971.00,77.67,78.14,77.72,95.48,1.35,1.34,1.34,0.75,3.39
2431203,78.20,2215.00,990.00,3996.00,2753.00,10.00,2120.00,1528.00,2960.00,78.24,78.48,78.48,95.40,1.32,1.31,1.31,0.75,3.37
2441204,78.40,2224.00,922.00,4011.00,2689.00,12.00,2056.00,1487.00,2998.00,78.91,79.11,79.11,95.64,1.30,1.29,1.28,0.75,3.36
2451206,78.60,2115.00,931.00,3970.00,2758.00,11.00,2143.00,1531.00,2967.00,79.21,78.57,79.26,95.48,1.28,1.31,1.28,0.76,3.35
2461206,78.80,2128.00,911.00,3950.00,2790.00,18.00,2158.00,1467.00,2983.00,79.11,79.50,79.11,95.32,1.29,1.27,1.29,0.75,3.34
2471207,79.00,2166.00,934.00,3968.00,2742.00,13.00,2101.00,1489.00,2980.00,79.21,79.11,79.30,95.56,1.28,1.29,1.28,0.75,3.29
2481208,79.20,2138.00,945.00,4010.00,2802.00,12.00,2099.00,1445.00,2949.00,79.26,90.82,79.50,95.40,1.28,1.28,1.27,0.75,3.29
2491238,79.40,2103.00,846.00,3951.00,2719.00,8.00,2131.00,1515.00,3100.00,79.11,79.45,79.95,96.47,1.28,1.26,1.25,0.76,3.29
2501211,79.60,2086.00,866.00,3963.00,2681.00,13.00,2154.00,1506.00,3057.00,80.05,80.05,79.40,95.89,1.25,1.24,1.28,0.79,3.28
2511213,79.80,2097.00,841.00,3905.00,2695.00,9.00,2101.00,1537.00,3067.00,79.80,80.15,80.56,94.37,1.26,1.25,1.23,0.75,3.27
2521213,80.00,2160.00,851.00,3978.00,2678.00,11.00,2071.00,1507.00,3044.00,80.36,79.90,81.87,95.56,1.24,1.25,1.18,0.75,3.27
2531224,80.20,2197.00,924.00,3956.00,2736.00,21.00,2138.00,1502.00,3029.00,80.10,80.10,80.31,96.55,1.25,1.24,1.23,0.76,3.26
2541240,80.40,2174.00,920.00,3955.00,2676.00,13.00,2089.00,1488.00,2973.00,80.71,80.51,80.87,96.22,1.22,1.22,1.22,0.78,3.25
2551214,80.60,2155.00,939.00,3987.00,2728.00,10.00,2044.00,1457.00,2947.00,80.41,81.18,81.39,95.32,1.23,1.20,1.20,0.75,3.24
2561217,80.80,2061.00,885.00,3964.00,2744.00,23.00,2117.00,1483.00,2996.00,80.92,81.23,80.71,96.30,1.21,1.19,1.22,0.75,3.23
2571218,81.00,2030.00,785.00,3907.00,2687.00,19.00,2148.00,1514.00,3145.00,81.55,80.87,81.02,98.27,1.19,1.21,1.21,0.76,3.21
2581219,81.20,2054.00,782.00,3957.00,2667.00,10.00,2088.00,1525.00,3096.00,81.13,81.13,81.44,96.30,1.20,1.20,1.19,0.75,3.20
2591219,81.40,2142.00,855.00,3945.00,2675.00,9.00,2015.00,1475.00,3075.00,81.55,81.97,81.08,96.14,1.18,1.17,1.21,0.75,3.20
2601222,81.60,2137.00,936.00,3990.00,2719.00,10.00,2046.00,1387.00,2968.00,81.71,81.44,81.65,96.39,1.18,1.19,1.18,0.75,3.19
2611224,81.80,2153.00,918.00,3962.00,2670.00,12.00,2041.00,1406.00,2937.00,82.40,81.71,81.55,95.40,1.18,1.17,1.18,0.77,3.18
2621231,82.00,2189.00,903.00,3993.00,2707.00,10.00,2056.00,1531.00,3084.00,81.97,81.81,81.97,96.30,1.18,1.17,1.17,0.77,3.17
2631223,82.20,2070.00,874.00,3974.00,2718.00,17.00,2080.00,1437.00,2906.00,82.24,82.78,82.46,95.40,1.16,1.15,1.15,0.75,3.16
2641225,82.40,1982.00,796.00,3951.00,2719.00,15.00,2114.00,1505.00,3090.00,82.84,82.84,82.89,96.05,1.14,1.14,1.14,0.75,3.15
2651226,82.60,2062.00,803.00,3868.00,2672.00,11.00,2068.00,1504.00,3080.00,82.84,82.57,82.67,95.73,1.14,1.15,1.15,0.77,3.13
2661226,82.80,2077.00,801.00,3897.00,2680.00,11.00,2047.00,1435.00,3015.00,83.39,83.00,82.78,96.14,1.12,1.13,1.15,0.75,3.13
2671229,83.00,2190.00,924.00,3955.00,2739.00,9.00,2058.00,1401.00,2921.00,82.84,83.11,83.06,95.40,1.14,1.13,1.14,0.75,3.12
2681229,83.20,2052.00,827.00,3915.00,2710.00,13.00,2099.00,1502.00,3031.00,82.95,83.39,82.78,96.05,1.14,1.12,1.14,0.75,3.11
2691231,83.40,2044.00,781.00,3886.00,2631.00,10.00,2046.00,1453.00,3061.00,83.45,83.78,83.45,95.32,1.12,1.11,1.12,0.75,3.10
2701229,83.60,2123.00,835.00,3876.00,2647.00,9.00,2044.00,1453.00,3057.00,83.73,84.18,84.47,95.24,1.11,1.09,1.08,0.75,3.08
2711231,83.80,2128.00,919.00,3983.00,2711.00,11.00,2011.00,1426.00,2950.00,84.24,84.47,84.24,96.05,1.09,1.08,1.09,0.75,3.07
2721240,84.00,2016.00,864.00,3986.00,2711.00,13.00,2068.00,1477.00,3026.00,83.90,84.47,83.62,95.24,1.10,1.08,1.11,0.77,3.07
2731233,84.20,2037.00,770.00,3901.00,2698.00,15.00,2097.00,1444.00,3088.00,84.30,83.78,84.41,95.73,1.09,1.09,1.08,0.76,3.07
2741240,84.40,2160.00,851.00,3900.00,2629.00,9.00,2032.00,1373.00,2912.00,84.07,84.93,83.62,95.24,1.09,1.07,1.11,0.78,3.06
2751251,84.60,2112.00,870.00,3996.00,2766.00,15.00,2088.00,1502.00,2985.00,84.35,84.88,84.41,95.56,1.08,1.07,1.09,0.77,3.05
2761245,84.80,2030.00,824.00,3939.00,2706.00,20.00,2042.00,1454.00,3041.00,84.47,85.35,85.29,94.92,1.08,1.05,1.07,0.78,3.05
2771244,85.00,2036.00,758.00,3864.00,2671.00,9.00,2032.00,1392.00,2948.00,85.23,84.99,84.99,95.08,1.06,1.06,1.06,0.78,3.03
2781246,85.20,2155.00,820.00,3917.00,2622.00,10.00,2019.00,1393.00,2899.00,85.29,85.29,85.29,94.84,1.05,1.05,1.05,0.78,3.02
2791245,85.40,2110.00,900.00,3983.00,2723.00,13.00,2094.00,1499.00,3010.00,85.46,85.70,84.99,95.16,1.04,1.04,0.64,0.78,3.02
2801248,85.60,2037.00,790.00,3912.00,2678.00,16.00,2082.00,1434.00,3012.00,86.00,86.25,86.31,95.16,1.03,1.03,1.00,0.78,3.00
2811248,85.80,2035.00,742.00,3928.00,2639.00,9.00,2028.00,1383.00,2909.00,86.19,85.82,85.70,95.08,1.03,1.04,1.03,0.78,3.01
2821250,86.00,2107.00,846.00,3895.00,2661.00,8.00,2020.00,1377.00,2936.00,86.07,85.64,86.49,95.00,1.03,1.04,1.01,0.79,3.00
2831250,86.20,2133.00,918.00,3952.00,2737.00,11.00,2118.00,1483.00,3001.00,86.25,86.13,86.07,93.98,1.03,1.02,1.02,0.78,2.99
2841251,86.40,1999.00,838.00,3901.00,2681.00,12.00,2071.00,1442.00,3042.00,86.37,86.99,86.68,95.00,1.02,1.00,1.00,0.79,2.99
2851253,86.60,2006.00,746.00,3879.00,2695.00,9.00,2014.00,1368.00,2944.00,86.99,87.11,87.24,95.08,1.01,1.00,0.99,0.78,2.98
2861255,86.80,2114.00,789.00,3881.00,2641.00,9.00,2001.00,1412.00,2889.00,86.74,86.31,86.43,94.92,1.02,1.02,1.01,0.79,2.98
2871248,87.00,2093.00,886.00,3964.00,2706.00,10.00,2036.00,1402.00,2866.00,87.24,86.80,86.92,95.24,0.99,1.00,1.00,0.78,2.97
2881247,87.20,2124.00,873.00,3946.00,2636.00,11.00,2012.00,1364.00,2851.00,87.30,87.24,87.17,94.92,1.01,0.99,0.99,0.76,2.97
2891251,87.40,2090.00,868.00,3981.00,2683.00,13.00,2030.00,1394.00,2883.00,87.43,87.62,87.87,95.40,0.99,0.98,0.97,0.77,2.96
2901251,87.60,2102.00,873.00,3927.00,2703.00,9.00,1992.00,1359.00,2864.00,87.68,87.30,88.19,94.92,0.97,0.99,0.96,0.76,2.95
2911253,87.80,2121.00,876.00,3953.00,2697.00,8.00,1978.00,1356.00,2910.00,88.19,88.85,88.71,95.00,0.96,0.96,0.95,0.78,2.95
2921250,88.00,2094.00,877.00,3970.00,2713.00,9.00,1977.00,1356.00,2875.00,87.74,87.68,87.62,94.92,0.97,0.97,0.99,0.76,2.94
2931256,88.20,2085.00,888.00,3948.00,2681.00,8.00,2018.00,1376.00,2853.00,88.32,88.19,88.19,95.40,0.96,0.96,0.96,0.76,2.94
2941256,88.40,2102.00,853.00,3934.00,2704.00,10.00,2017.00,1355.00,2888.00,88.39,88.32,88.71,94.84,0.96,0.96,0.95,0.76,2.93
2951259,88.60,2096.00,853.00,3947.00,2735.00,11.00,2038.00,1364.00,2845.00,88.98,88.19,89.11,95.56,0.94,0.96,0.94,0.78,2.93
2961255,88.80,2143.00,853.00,3942.00,2693.00,10.00,1993.00,1319.00,2882.00,89.44,89.24,88.98,94.76,0.93,0.93,0.94,0.76,2.93
2971259,89.00,2016.00,819.00,3923.00,2681.00,12.00,2104.00,1405.00,2951.00,88.85,88.52,88.91,95.64,0.95,0.95,0.94,0.76,2.92
2981259,89.20,1965.00,727.00,3841.00,2654.00,9.00,2104.00,1446.00,3007.00,89.31,89.18,90.47,95.00,0.93,0.94,0.90,0.78,2.92
2991259,89.40,1979.00,695.00,3881.00,2650.00,12.00,2051.00,1379.00,3027.00,89.44,89.58,89.24,95.00,0.93,0.92,0.93,0.76,2.91
3001262,89.60,2032.00,759.00,3854.00,2619.00,10.00,1989.00,1427.00,2979.00,89.65,89.65,88.91,95.32,0.90,0.90,0.94,0.77,2.90
3011264,89.80,1987.00,723.00,3862.00,2686.00,10.00,2034.00,1427.00,3000.00,89.24,89.31,90.47,94.68,0.93,0.93,0.90,0.77,2.90
3021265,90.00,2000.00,723.00,3896.00,2634.00,8.00,2042.00,1372.00,2976.00,90.47,90.47,90.47,95.48,0.90,0.90,0.92,0.77,2.89
3031264,90.20,2007.00,723.00,3904.00,2648.00,11.00,2038.00,1425.00,3015.00,90.47,90.47,90.47,95.32,0.90,0.90,0.90,0.77,2.89
3041265,90.40,2007.00,737.00,3895.00,2616.00,12.00,2096.00,1450.00,2986.00,90.54,91.45,90.61,94.84,0.89,0.87,0.89,0.78,2.89
3051266,90.60,2004.00,741.00,3864.00,2648.00,10.00,2028.00,1441.00,3014.00,90.75,90.89,91.03,95.40,0.89,0.88,0.89,0.77,2.89
3061268,90.80,2021.00,731.00,3890.00,2641.00,11.00,2018.00,1384.00,2975.00,90.96,90.47,91.10,95.56,0.88,0.89,0.88,0.77,2.86
3071267,91.00,2027.00,768.00,3868.00,2626.00,8.00,1990.00,1361.00,3007.00,91.45,91.03,91.31,95.32,0.87,0.88,0.87,0.77,2.86
3081269,91.20,2101.00,834.00,3880.00,2648.00,9.00,1993.00,1341.00,2942.00,90.82,91.53,91.45,94.76,0.89,0.87,0.87,0.76,2.87
3091270,91.40,2092.00,827.00,3911.00,2663.00,8.00,2024.00,1371.00,2876.00,91.45,91.53,91.96,95.32,0.87,0.86,0.86,0.77,2.86
3101269,91.60,2056.00,845.00,3934.00,2726.00,9.00,1980.00,1377.00,2827.00,92.18,91.89,91.53,95.24,0.85,0.85,0.87,0.77,2.85
3111270,91.80,2076.00,854.00,3920.00,2602.00,10.00,2004.00,1321.00,2864.00,92.40,91.60,91.74,95.56,0.85,0.86,0.86,0.76,2.84
3121272,92.00,2006.00,746.00,3863.00,2601.00,8.00,2039.00,1427.00,2945.00,92.03,91.96,91.89,95.48,0.85,0.85,0.86,0.76,2.84
3131274,92.20,2002.00,811.00,3948.00,2698.00,13.00,2058.00,1417.00,2934.00,91.96,92.99,92.47,95.16,0.86,0.85,0.84,0.78,2.83
3141274,92.40,2057.00,863.00,3910.00,2628.00,9.00,2006.00,1309.00,2851.00,92.62,92.69,92.84,92.92,0.84,0.83,0.83,0.77,2.84
3151295,92.60,1974.00,717.00,3835.00,2593.00,10.00,2007.00,1394.00,2988.00,92.69,92.54,93.37,95.32,0.84,0.84,0.82,0.77,2.83
3161289,92.80,2106.00,827.00,3879.00,2635.00,8.00,2060.00,1440.00,2959.00,93.37,93.60,92.77,94.92,0.83,0.81,0.84,0.79,2.82
3171285,93.00,1968.00,721.00,3890.00,2661.00,9.00,2015.00,1383.00,2968.00,93.37,93.14,93.67,96.22,0.82,0.83,0.83,0.77,2.81
3181285,93.20,2016.00,733.00,3848.00,2615.00,8.00,2000.00,1339.00,2850.00,93.22,93.52,92.99,95.00,0.83,0.82,0.82,0.78,2.81
3191288,93.40,2063.00,869.00,3928.00,2706.00,10.00,2079.00,1453.00,2959.00,93.83,94.14,93.90,95.00,0.81,0.79,0.56,0.79,2.80
3201286,93.60,1978.00,700.00,3860.00,2669.00,8.00,1999.00,1363.00,2923.00,94.06,93.90,93.52,95.16,0.81,0.81,0.82,0.78,2.79
3211286,93.80,2033.00,692.00,3861.00,2604.00,9.00,1929.00,1303.00,2877.00,94.60,93.90,93.90,95.08,0.79,0.81,0.81,0.78,2.78
3221290,94.00,2048.00,805.00,3919.00,2708.00,12.00,2073.00,1452.00,2990.00,94.29,94.76,93.60,95.16,0.80,0.79,0.81,0.78,2.78
3231290,94.20,1983.00,701.00,3826.00,2593.00,9.00,1991.00,1345.00,2903.00,98.71,94.76,94.45,95.00,0.80,0.79,0.79,0.78,2.76
3241292,94.40,2090.00,866.00,3903.00,2652.00,9.00,2009.00,1370.00,2850.00,94.45,95.16,94.76,95.16,0.79,0.78,0.78,0.79,2.76
3251290,94.60,2005.00,821.00,3912.00,2659.00,11.00,2020.00,1395.00,2904.00,94.68,95.16,94.92,95.24,0.78,0.78,0.78,0.78,2.76